 0.00  0.20  0.00
 0.05  0.20  -30.00
 0.05  0.20  30.00 
 0.10  0.20  0.00
 0.10  0.20  -30.00
 0.10  0.20  30.00
 0.20  0.20  0.00
 0.25  0.20  0.00
 0.30  0.20  0.00
 0.35  0.20  0.00
 0.40  0.20  0.00
 0.45  0.20  0.00
 0.00  0.25  0.00
 0.04  0.41 -40.00
 0.26  0.40 -40.00
 0.38  0.21 35.00
 0.21  0.23 -40.00
 0.00  0.50 15.00
 0.37  0.37 40.00
 0.00  0.33 -5.00
 0.42  0.20 40.00
 0.19  0.47 40.00
 0.17  0.23 40.00
 0.27  0.44 40.00
 0.42  0.30 40.00
 0.00  0.23 -40.00
 0.00  0.50 -40.00
 0.24  0.20 40.00
 0.11  0.49 40.00
 0.42  0.20 -40.00
 0.32  0.41 40.00
 0.00  0.33 -25.00
 0.00  0.20 -15.00
 0.00  0.50 40.00
 0.25  0.20 -40.00
 0.22  0.46 40.00
 0.42  0.20 30.00
 0.38  0.36 20.00
 0.00  0.35 -5.00
 0.00  0.20 15.00
 0.16  0.48 40.00
 0.20  0.20 -40.00
 0.41  0.32 15.00
 0.00  0.50 35.00
 0.30  0.42 40.00
 0.42  0.20 15.00
 0.09  0.32 -15.00
-0.04  0.41 40.00
-0.26  0.40 40.00
-0.38  0.21 -35.00
-0.21  0.23 40.00
-0.00  0.50 -15.00
-0.37  0.37 -40.00
 0.35  0.20 30.00
 0.00  0.40 30.00
 0.28  0.26 -30.00
 0.04  0.38 -25.00
